1001
1002
1003
1004
1005
1006
1007
1008
1009
101
1010
1011
1012
1013
1014
1015
1016
1017
1018
1019
1020
1021
1022
1023
1024
1025
1026
1027
1028
1029
1030
1031
1032
1033
1034
1035
1036
1037
1038
1039
1040
1041
1042
1043
1044
1045
1046
1047
1048
1049
1050
1051
1052
1053
1054
1055
1056
1057
1058
1059
1060
111
112
116
117
121
122
126
127
201
210
211
212
221
222
231
232
401
402
403
404
406
501
511
52.jpg
52
601
602
6101
6102
6103
6104
6105
6106
6107
6108
6109
611
6110
6111
6112
6113
6114
6115
6116
6117
6118
6119
6120
6121
6122
6123
6124
6125
6126
6127
6128
6129
6130
6131
6132
6133
6134
6135
6136
6137
6138
6139
6140
6141
6142
6143
6144
6145
6146
6147
6148
6149
6150
6151
6152
6153
6154
6155
6156
6157
6158
6159
6160
6201
6202
6203
6204
6205
6206
6207
6208
6209
621
6210
6211
6212
6213
6214
6215
6216
6217
6218
6219
6220
6221
6222
6223
6224
6225
6226
6227
6228
6229
6230
6231
6232
6233
6234
6235
6236
6237
6238
6239
6240
6241
6242
6243
6244
6245
6246
6247
6248
6249
6250
6251
6252
6253
6254
6255
6256
6257
6258
6259
6260
6301
6302
6303
6304
6305
6306
6307
6308
6309
631
6310
6311
6312
6313
6314
6315
6316
6317
6318
6319
6320
6321
6322
6323
6324
6325
6326
6327
6328
6329
6330
6331
6332
6333
6334
6335
6336
6337
6338
6339
6340
6341
6342
6343
6344
6345
6346
6347
6348
6349
6350
6351
6352
6353
6354
6355
6356
6357
6358
6359
6360
6406
641
7001
7002
7003
7004
7005
7006
701
702
703
704
705
706
713
715
716
721
722
723
724
725
731
732
733
734
735
736
751
752
753
754
755
761
762
763
764
765
766
767
768
793
801
802
803
804
805
806
807
811
813
814
815
816
817
821
822
823
824
825
826
827
828
831
832
841
851
900
901
902
903
904
905
906
907
908
909
910
911
912
913
914
915
916
917
918
919
920
921
922
923
931
940
941
942
943
944
945
946
947
948
961
962
963
